-3.000000e+03 1.896358e-70
-2.995000e+03 3.193564e-70
-2.990000e+03 5.373534e-70
-2.985000e+03 9.033866e-70
-2.980000e+03 1.517457e-69
-2.975000e+03 2.546763e-69
-2.970000e+03 4.270608e-69
-2.965000e+03 7.155173e-69
-2.960000e+03 1.197787e-68
-2.955000e+03 2.003404e-68
-2.950000e+03 3.348009e-68
-2.945000e+03 5.590283e-68
-2.940000e+03 9.326318e-68
-2.935000e+03 1.554590e-67
-2.930000e+03 2.589111e-67
-2.925000e+03 4.308387e-67
-2.920000e+03 7.163213e-67
-2.915000e+03 1.189954e-66
-2.910000e+03 1.975067e-66
-2.905000e+03 3.275388e-66
-2.900000e+03 5.427161e-66
-2.895000e+03 8.984873e-66
-2.890000e+03 1.486211e-65
-2.885000e+03 2.456281e-65
-2.880000e+03 4.056064e-65
-2.875000e+03 6.692075e-65
-2.870000e+03 1.103179e-64
-2.865000e+03 1.817023e-64
-2.860000e+03 2.990226e-64
-2.855000e+03 4.916735e-64
-2.850000e+03 8.077534e-64
-2.845000e+03 1.325898e-63
-2.840000e+03 2.174555e-63
-2.835000e+03 3.563362e-63
-2.830000e+03 5.834166e-63
-2.825000e+03 9.543920e-63
-2.820000e+03 1.559926e-62
-2.815000e+03 2.547478e-62
-2.810000e+03 4.156674e-62
-2.805000e+03 6.776583e-62
-2.800000e+03 1.103836e-61
-2.795000e+03 1.796503e-61
-2.790000e+03 2.921328e-61
-2.785000e+03 4.746373e-61
-2.780000e+03 7.705001e-61
-2.775000e+03 1.249720e-60
-2.770000e+03 2.025265e-60
-2.765000e+03 3.279293e-60
-2.760000e+03 5.305274e-60
-2.755000e+03 8.575601e-60
-2.750000e+03 1.385003e-59
-2.745000e+03 2.234939e-59
-2.740000e+03 3.603380e-59
-2.735000e+03 5.804752e-59
-2.730000e+03 9.343003e-59
-2.725000e+03 1.502514e-58
-2.720000e+03 2.414235e-58
-2.715000e+03 3.875877e-58
-2.710000e+03 6.217124e-58
-2.705000e+03 9.964106e-58
-2.700000e+03 1.595572e-57
-2.695000e+03 2.552839e-57
-2.690000e+03 4.080936e-57
-2.685000e+03 6.518166e-57
-2.680000e+03 1.040208e-56
-2.675000e+03 1.658609e-56
-2.670000e+03 2.642392e-56
-2.665000e+03 4.206101e-56
-2.660000e+03 6.689462e-56
-2.655000e+03 1.062997e-55
-2.650000e+03 1.687726e-55
-2.645000e+03 2.677325e-55
-2.640000e+03 4.243551e-55
-2.635000e+03 6.720274e-55
-2.630000e+03 1.063344e-54
-2.625000e+03 1.681085e-54
-2.620000e+03 2.655430e-54
-2.615000e+03 4.190918e-54
-2.610000e+03 6.608650e-54
-2.605000e+03 1.041227e-53
-2.600000e+03 1.639108e-53
-2.595000e+03 2.578093e-53
-2.590000e+03 4.051529e-53
-2.585000e+03 6.361631e-53
-2.580000e+03 9.980384e-53
-2.575000e+03 1.564427e-52
-2.570000e+03 2.450148e-52
-2.565000e+03 3.834058e-52
-2.560000e+03 5.994517e-52
-2.555000e+03 9.364378e-52
-2.550000e+03 1.461615e-51
-2.545000e+03 2.279376e-51
-2.540000e+03 3.551635e-51
-2.535000e+03 5.529297e-51
-2.530000e+03 8.600835e-51
-2.525000e+03 1.336720e-50
-2.520000e+03 2.075724e-50
-2.515000e+03 3.220535e-50
-2.510000e+03 4.992471e-50
-2.505000e+03 7.732720e-50
-2.500000e+03 1.196680e-49
-2.495000e+03 1.850348e-49
-2.490000e+03 2.858628e-49
-2.485000e+03 4.412566e-49
-2.480000e+03 6.805404e-49
-2.475000e+03 1.048687e-48
-2.470000e+03 1.614607e-48
-2.465000e+03 2.483804e-48
-2.460000e+03 3.817656e-48
-2.455000e+03 5.862806e-48
-2.450000e+03 8.995875e-48
-2.445000e+03 1.379147e-47
-2.440000e+03 2.112549e-47
-2.435000e+03 3.233198e-47
-2.430000e+03 4.944098e-47
-2.425000e+03 7.553896e-47
-2.420000e+03 1.153145e-46
-2.415000e+03 1.758840e-46
-2.410000e+03 2.680389e-46
-2.405000e+03 4.081301e-46
-2.400000e+03 6.209098e-46
-2.395000e+03 9.438166e-46
-2.390000e+03 1.433428e-45
-2.385000e+03 2.175171e-45
-2.380000e+03 3.297920e-45
-2.375000e+03 4.995926e-45
-2.370000e+03 7.561729e-45
-2.365000e+03 1.143551e-44
-2.360000e+03 1.727901e-44
-2.355000e+03 2.608625e-44
-2.350000e+03 3.934898e-44
-2.345000e+03 5.930409e-44
-2.340000e+03 8.930277e-44
-2.335000e+03 1.343614e-43
-2.330000e+03 2.019822e-43
-2.325000e+03 3.033758e-43
-2.320000e+03 4.552795e-43
-2.315000e+03 6.826599e-43
-2.310000e+03 1.022727e-42
-2.305000e+03 1.530892e-42
-2.300000e+03 2.289594e-42
-2.295000e+03 3.421382e-42
-2.290000e+03 5.108269e-42
-2.285000e+03 7.620356e-42
-2.280000e+03 1.135811e-41
-2.275000e+03 1.691476e-41
-2.270000e+03 2.516836e-41
-2.265000e+03 3.741736e-41
-2.260000e+03 5.558027e-41
-2.255000e+03 8.248925e-41
-2.250000e+03 1.223216e-40
-2.245000e+03 1.812334e-40
-2.240000e+03 2.682888e-40
-2.235000e+03 3.968223e-40
-2.230000e+03 5.864334e-40
-2.225000e+03 8.659057e-40
-2.220000e+03 1.277473e-39
-2.215000e+03 1.883050e-39
-2.210000e+03 2.773329e-39
-2.205000e+03 4.081032e-39
-2.200000e+03 6.000230e-39
-2.195000e+03 8.814445e-39
-2.190000e+03 1.293753e-38
-2.185000e+03 1.897303e-38
-2.180000e+03 2.780042e-38
-2.175000e+03 4.070008e-38
-2.170000e+03 5.953444e-38
-2.165000e+03 8.701027e-38
-2.160000e+03 1.270580e-37
-2.155000e+03 1.853799e-37
-2.150000e+03 2.702418e-37
-2.145000e+03 3.936149e-37
-2.140000e+03 5.728222e-37
-2.135000e+03 8.329084e-37
-2.130000e+03 1.210052e-36
-2.125000e+03 1.756466e-36
-2.120000e+03 2.547445e-36
-2.115000e+03 3.691468e-36
-2.110000e+03 5.344690e-36
-2.105000e+03 7.731703e-36
-2.100000e+03 1.117524e-35
-2.095000e+03 1.613868e-35
-2.090000e+03 2.328672e-35
-2.085000e+03 3.357204e-35
-2.080000e+03 4.835889e-35
-2.075000e+03 6.959919e-35
-2.070000e+03 1.000832e-34
-2.065000e+03 1.437962e-34
-2.060000e+03 2.064253e-34
-2.055000e+03 2.960789e-34
-2.050000e+03 4.243081e-34
-2.045000e+03 6.075533e-34
-2.040000e+03 8.691938e-34
-2.035000e+03 1.242448e-33
-2.030000e+03 1.774470e-33
-2.025000e+03 2.532145e-33
-2.020000e+03 3.610252e-33
-2.015000e+03 5.142991e-33
-2.010000e+03 7.320204e-33
-2.005000e+03 1.041022e-32
-2.000000e+03 1.479196e-32
-1.995000e+03 2.100007e-32
-1.990000e+03 2.978824e-32
-1.985000e+03 4.221806e-32
-1.980000e+03 5.978344e-32
-1.975000e+03 8.458488e-32
-1.970000e+03 1.195732e-31
-1.965000e+03 1.688900e-31
-1.960000e+03 2.383435e-31
-1.955000e+03 3.360717e-31
-1.950000e+03 4.734671e-31
-1.945000e+03 6.664642e-31
-1.940000e+03 9.373311e-31
-1.935000e+03 1.317160e-30
-1.930000e+03 1.849324e-30
-1.925000e+03 2.594280e-30
-1.920000e+03 3.636218e-30
-1.915000e+03 5.092278e-30
-1.910000e+03 7.125305e-30
-1.905000e+03 9.961485e-30
-1.900000e+03 1.391470e-29
-1.895000e+03 1.942016e-29
-1.890000e+03 2.708077e-29
-1.885000e+03 3.773101e-29
-1.880000e+03 5.252488e-29
-1.875000e+03 7.305684e-29
-1.870000e+03 1.015280e-28
-1.865000e+03 1.409743e-28
-1.860000e+03 1.955796e-28
-1.855000e+03 2.711041e-28
-1.850000e+03 3.754723e-28
-1.845000e+03 5.195757e-28
-1.840000e+03 7.183714e-28
-1.835000e+03 9.923809e-28
-1.830000e+03 1.369736e-27
-1.825000e+03 1.888969e-27
-1.820000e+03 2.602806e-27
-1.815000e+03 3.583340e-27
-1.810000e+03 4.929051e-27
-1.805000e+03 6.774355e-27
-1.800000e+03 9.302543e-27
-1.795000e+03 1.276335e-26
-1.790000e+03 1.749673e-26
-1.785000e+03 2.396504e-26
-1.780000e+03 3.279660e-26
-1.775000e+03 4.484444e-26
-1.770000e+03 6.126572e-26
-1.765000e+03 8.362878e-26
-1.760000e+03 1.140573e-25
-1.755000e+03 1.554246e-25
-1.750000e+03 2.116145e-25
-1.745000e+03 2.878727e-25
-1.740000e+03 3.912773e-25
-1.735000e+03 5.313711e-25
-1.730000e+03 7.210088e-25
-1.725000e+03 9.774900e-25
-1.720000e+03 1.324077e-24
-1.715000e+03 1.792022e-24
-1.710000e+03 2.423276e-24
-1.705000e+03 3.274096e-24
-1.700000e+03 4.419866e-24
-1.695000e+03 5.961507e-24
-1.690000e+03 8.034007e-24
-1.685000e+03 1.081777e-23
-1.680000e+03 1.455366e-23
-1.675000e+03 1.956302e-23
-1.670000e+03 2.627416e-23
-1.665000e+03 3.525746e-23
-1.660000e+03 4.727182e-23
-1.655000e+03 6.332612e-23
-1.650000e+03 8.476033e-23
-1.645000e+03 1.133526e-22
-1.640000e+03 1.514606e-22
-1.635000e+03 2.022074e-22
-1.630000e+03 2.697265e-22
-1.625000e+03 3.594839e-22
-1.620000e+03 4.787010e-22
-1.615000e+03 6.369106e-22
-1.610000e+03 8.466849e-22
-1.605000e+03 1.124590e-21
-1.600000e+03 1.492437e-21
-1.595000e+03 1.978915e-21
-1.590000e+03 2.621725e-21
-1.585000e+03 3.470376e-21
-1.580000e+03 4.589814e-21
-1.575000e+03 6.065167e-21
-1.570000e+03 8.007920e-21
-1.565000e+03 1.056394e-20
-1.560000e+03 1.392391e-20
-1.555000e+03 1.833689e-20
-1.550000e+03 2.412790e-20
-1.545000e+03 3.172067e-20
-1.540000e+03 4.166722e-20
-1.535000e+03 5.468596e-20
-1.530000e+03 7.171109e-20
-1.525000e+03 9.395634e-20
-1.520000e+03 1.229971e-19
-1.515000e+03 1.608767e-19
-1.510000e+03 2.102425e-19
-1.505000e+03 2.745219e-19
-1.500000e+03 3.581481e-19
-1.495000e+03 4.668503e-19
-1.490000e+03 6.080254e-19
-1.485000e+03 7.912159e-19
-1.480000e+03 1.028721e-18
-1.475000e+03 1.336378e-18
-1.470000e+03 1.734563e-18
-1.465000e+03 2.249470e-18
-1.460000e+03 2.914738e-18
-1.455000e+03 3.773533e-18
-1.450000e+03 4.881191e-18
-1.445000e+03 6.308596e-18
-1.440000e+03 8.146458e-18
-1.435000e+03 1.051076e-17
-1.430000e+03 1.354967e-17
-1.425000e+03 1.745229e-17
-1.420000e+03 2.245977e-17
-1.415000e+03 2.887935e-17
-1.410000e+03 3.710211e-17
-1.405000e+03 4.762546e-17
-1.400000e+03 6.108138e-17
-1.395000e+03 7.827224e-17
-1.390000e+03 1.002157e-16
-1.385000e+03 1.282015e-16
-1.380000e+03 1.638625e-16
-1.375000e+03 2.092644e-16
-1.370000e+03 2.670178e-16
-1.365000e+03 3.404194e-16
-1.360000e+03 4.336283e-16
-1.355000e+03 5.518869e-16
-1.350000e+03 7.017974e-16
-1.345000e+03 8.916669e-16
-1.340000e+03 1.131938e-15
-1.335000e+03 1.435728e-15
-1.330000e+03 1.819493e-15
-1.325000e+03 2.303871e-15
-1.320000e+03 2.914708e-15
-1.315000e+03 3.684352e-15
-1.310000e+03 4.653250e-15
-1.305000e+03 5.871931e-15
-1.300000e+03 7.403457e-15
-1.295000e+03 9.326474e-15
-1.290000e+03 1.173896e-14
-1.285000e+03 1.476287e-14
-1.280000e+03 1.854989e-14
-1.275000e+03 2.328847e-14
-1.270000e+03 2.921257e-14
-1.265000e+03 3.661237e-14
-1.260000e+03 4.584745e-14
-1.255000e+03 5.736297e-14
-1.250000e+03 7.170960e-14
-1.245000e+03 8.956785e-14
-1.240000e+03 1.117780e-13
-1.235000e+03 1.393765e-13
-1.230000e+03 1.736409e-13
-1.225000e+03 2.161442e-13
-1.220000e+03 2.688218e-13
-1.215000e+03 3.340524e-13
-1.210000e+03 4.147571e-13
-1.205000e+03 5.145200e-13
-1.200000e+03 6.377345e-13
-1.195000e+03 7.897812e-13
-1.190000e+03 9.772436e-13
-1.185000e+03 1.208170e-12
-1.180000e+03 1.492391e-12
-1.175000e+03 1.841901e-12
-1.170000e+03 2.271324e-12
-1.165000e+03 2.798473e-12
-1.160000e+03 3.445025e-12
-1.155000e+03 4.237335e-12
-1.150000e+03 5.207418e-12
-1.145000e+03 6.394127e-12
-1.140000e+03 7.844573e-12
-1.135000e+03 9.615825e-12
-1.130000e+03 1.177695e-11
-1.125000e+03 1.441148e-11
-1.120000e+03 1.762031e-11
-1.115000e+03 2.152522e-11
-1.110000e+03 2.627307e-11
-1.105000e+03 3.204079e-11
-1.100000e+03 3.904135e-11
-1.095000e+03 4.753086e-11
-1.090000e+03 5.781702e-11
-1.085000e+03 7.026919e-11
-1.080000e+03 8.533032e-11
-1.075000e+03 1.035311e-10
-1.070000e+03 1.255070e-10
-1.065000e+03 1.520176e-10
-1.060000e+03 1.839709e-10
-1.055000e+03 2.224506e-10
-1.050000e+03 2.687492e-10
-1.045000e+03 3.244068e-10
-1.040000e+03 3.912569e-10
-1.035000e+03 4.714799e-10
-1.030000e+03 5.676670e-10
-1.025000e+03 6.828939e-10
-1.020000e+03 8.208089e-10
-1.015000e+03 9.857348e-10
-1.010000e+03 1.182789e-09
-1.005000e+03 1.418024e-09
-1.000000e+03 1.698593e-09
-9.950000e+02 2.032938e-09
-9.900000e+02 2.431018e-09
-9.850000e+02 2.904567e-09
-9.800000e+02 3.467399e-09
-9.750000e+02 4.135760e-09
-9.700000e+02 4.928743e-09
-9.650000e+02 5.868758e-09
-9.600000e+02 6.982089e-09
-9.550000e+02 8.299536e-09
-9.500000e+02 9.857151e-09
-9.450000e+02 1.169710e-08
-9.400000e+02 1.386865e-08
-9.350000e+02 1.642931e-08
-9.300000e+02 1.944616e-08
-9.250000e+02 2.299733e-08
-9.200000e+02 2.717379e-08
-9.150000e+02 3.208132e-08
-9.100000e+02 3.784281e-08
-9.050000e+02 4.460092e-08
-9.000000e+02 5.252105e-08
-8.950000e+02 6.179484e-08
-8.900000e+02 7.264407e-08
-8.850000e+02 8.532521e-08
-8.800000e+02 1.001345e-07
-8.750000e+02 1.174139e-07
-8.700000e+02 1.375575e-07
-8.650000e+02 1.610194e-07
-8.600000e+02 1.883221e-07
-8.550000e+02 2.200664e-07
-8.500000e+02 2.569421e-07
-8.450000e+02 2.997409e-07
-8.400000e+02 3.493703e-07
-8.350000e+02 4.068696e-07
-8.300000e+02 4.734276e-07
-8.250000e+02 5.504035e-07
-8.200000e+02 6.393490e-07
-8.150000e+02 7.420342e-07
-8.100000e+02 8.604767e-07
-8.050000e+02 9.969732e-07
-8.000000e+02 1.154136e-06
-7.950000e+02 1.334934e-06
-7.900000e+02 1.542737e-06
-7.850000e+02 1.781365e-06
-7.800000e+02 2.055149e-06
-7.750000e+02 2.368988e-06
-7.700000e+02 2.728423e-06
-7.650000e+02 3.139711e-06
-7.600000e+02 3.609914e-06
-7.550000e+02 4.146992e-06
-7.500000e+02 4.759910e-06
-7.450000e+02 5.458754e-06
-7.400000e+02 6.254858e-06
-7.350000e+02 7.160950e-06
-7.300000e+02 8.191303e-06
-7.250000e+02 9.361912e-06
-7.200000e+02 1.069068e-05
-7.150000e+02 1.219762e-05
-7.100000e+02 1.390511e-05
-7.050000e+02 1.583809e-05
-7.000000e+02 1.802438e-05
-6.950000e+02 2.049496e-05
-6.900000e+02 2.328429e-05
-6.850000e+02 2.643067e-05
-6.800000e+02 2.997661e-05
-6.750000e+02 3.396926e-05
-6.700000e+02 3.846084e-05
-6.650000e+02 4.350916e-05
-6.600000e+02 4.917812e-05
-6.550000e+02 5.553825e-05
-6.500000e+02 6.266741e-05
-6.450000e+02 7.065136e-05
-6.400000e+02 7.958449e-05
-6.350000e+02 8.957062e-05
-6.300000e+02 1.007238e-04
-6.250000e+02 1.131690e-04
-6.200000e+02 1.270434e-04
-6.150000e+02 1.424971e-04
-6.100000e+02 1.596942e-04
-6.050000e+02 1.788140e-04
-6.000000e+02 2.000521e-04
-5.950000e+02 2.236217e-04
-5.900000e+02 2.497548e-04
-5.850000e+02 2.787038e-04
-5.800000e+02 3.107430e-04
-5.750000e+02 3.461695e-04
-5.700000e+02 3.853059e-04
-5.650000e+02 4.285007e-04
-5.600000e+02 4.761313e-04
-5.550000e+02 5.286048e-04
-5.500000e+02 5.863605e-04
-5.450000e+02 6.498716e-04
-5.400000e+02 7.196472e-04
-5.350000e+02 7.962344e-04
-5.300000e+02 8.802205e-04
-5.250000e+02 9.722351e-04
-5.200000e+02 1.072952e-03
-5.150000e+02 1.183093e-03
-5.100000e+02 1.303427e-03
-5.050000e+02 1.434775e-03
-5.000000e+02 1.578012e-03
-4.950000e+02 1.734070e-03
-4.900000e+02 1.903936e-03
-4.850000e+02 2.088660e-03
-4.800000e+02 2.289353e-03
-4.750000e+02 2.507194e-03
-4.700000e+02 2.743426e-03
-4.650000e+02 2.999363e-03
-4.600000e+02 3.276388e-03
-4.550000e+02 3.575961e-03
-4.500000e+02 3.899613e-03
-4.450000e+02 4.248957e-03
-4.400000e+02 4.625680e-03
-4.350000e+02 5.031555e-03
-4.300000e+02 5.468435e-03
-4.250000e+02 5.938259e-03
-4.200000e+02 6.443054e-03
-4.150000e+02 6.984936e-03
-4.100000e+02 7.566116e-03
-4.050000e+02 8.188899e-03
-4.000000e+02 8.855693e-03
-3.950000e+02 9.569010e-03
-3.900000e+02 1.033148e-02
-3.850000e+02 1.114583e-02
-3.800000e+02 1.201495e-02
-3.750000e+02 1.294186e-02
-3.700000e+02 1.392971e-02
-3.650000e+02 1.498185e-02
-3.600000e+02 1.610182e-02
-3.550000e+02 1.729338e-02
-3.500000e+02 1.856053e-02
-3.450000e+02 1.990757e-02
-3.400000e+02 2.133911e-02
-3.350000e+02 2.286017e-02
-3.300000e+02 2.447619e-02
-3.250000e+02 2.619311e-02
-3.200000e+02 2.801748e-02
-3.150000e+02 2.995648e-02
-3.100000e+02 3.201811e-02
-3.050000e+02 3.421119e-02
-3.000000e+02 3.654559e-02
-2.950000e+02 3.903228e-02
-2.900000e+02 4.168349e-02
-2.850000e+02 4.451289e-02
-2.800000e+02 4.753573e-02
-2.750000e+02 5.076897e-02
-2.700000e+02 5.423150e-02
-2.650000e+02 5.794426e-02
-2.600000e+02 6.193043e-02
-2.550000e+02 6.621555e-02
-2.500000e+02 7.082769e-02
-2.450000e+02 7.579752e-02
-2.400000e+02 8.115840e-02
-2.350000e+02 8.694644e-02
-2.300000e+02 9.320048e-02
-2.250000e+02 9.996201e-02
-2.200000e+02 1.072751e-01
-2.150000e+02 1.151861e-01
-2.100000e+02 1.237436e-01
-2.050000e+02 1.329976e-01
-2.000000e+02 1.429996e-01
-1.950000e+02 1.538017e-01
-1.900000e+02 1.654559e-01
-1.850000e+02 1.780135e-01
-1.800000e+02 1.915242e-01
-1.750000e+02 2.060350e-01
-1.700000e+02 2.215891e-01
-1.650000e+02 2.382251e-01
-1.600000e+02 2.559754e-01
-1.550000e+02 2.748649e-01
-1.500000e+02 2.949102e-01
-1.450000e+02 3.161179e-01
-1.400000e+02 3.384832e-01
-1.350000e+02 3.619893e-01
-1.300000e+02 3.866057e-01
-1.250000e+02 4.122876e-01
-1.200000e+02 4.389749e-01
-1.150000e+02 4.665915e-01
-1.100000e+02 4.950454e-01
-1.050000e+02 5.242278e-01
-1.000000e+02 5.540139e-01
-9.500000e+01 5.842630e-01
-9.000000e+01 6.148194e-01
-8.500000e+01 6.455134e-01
-8.000000e+01 6.761630e-01
-7.500000e+01 7.065750e-01
-7.000000e+01 7.365478e-01
-6.500000e+01 7.658729e-01
-6.000000e+01 7.943384e-01
-5.500000e+01 8.217306e-01
-5.000000e+01 8.478378e-01
-4.500000e+01 8.724528e-01
-4.000000e+01 8.953762e-01
-3.500000e+01 9.164190e-01
-3.000000e+01 9.354059e-01
-2.500000e+01 9.521777e-01
-2.000000e+01 9.665940e-01
-1.500000e+01 9.785356e-01
-1.000000e+01 9.879060e-01
-5.000000e+00 9.946333e-01
0.000000e+00 9.986713e-01
5.000000e+00 1.000000e+00
1.000000e+01 9.986261e-01
1.500000e+01 9.945826e-01
2.000000e+01 9.879283e-01
2.500000e+01 9.787468e-01
3.000000e+01 9.671445e-01
3.500000e+01 9.532495e-01
4.000000e+01 9.372086e-01
4.500000e+01 9.191856e-01
5.000000e+01 8.993578e-01
5.500000e+01 8.779140e-01
6.000000e+01 8.550508e-01
6.500000e+01 8.309702e-01
7.000000e+01 8.058764e-01
7.500000e+01 7.799727e-01
8.000000e+01 7.534594e-01
8.500000e+01 7.265309e-01
9.000000e+01 6.993733e-01
9.500000e+01 6.721630e-01
1.000000e+02 6.450641e-01
1.050000e+02 6.182277e-01
1.100000e+02 5.917907e-01
1.150000e+02 5.658748e-01
1.200000e+02 5.405861e-01
1.250000e+02 5.160153e-01
1.300000e+02 4.922374e-01
1.350000e+02 4.693122e-01
1.400000e+02 4.472850e-01
1.450000e+02 4.261873e-01
1.500000e+02 4.060381e-01
1.550000e+02 3.868442e-01
1.600000e+02 3.686022e-01
1.650000e+02 3.512993e-01
1.700000e+02 3.349147e-01
1.750000e+02 3.194205e-01
1.800000e+02 3.047837e-01
1.850000e+02 2.909666e-01
1.900000e+02 2.779281e-01
1.950000e+02 2.656253e-01
2.000000e+02 2.540136e-01
2.050000e+02 2.430480e-01
2.100000e+02 2.326839e-01
2.150000e+02 2.228775e-01
2.200000e+02 2.135864e-01
2.250000e+02 2.047702e-01
2.300000e+02 1.963906e-01
2.350000e+02 1.884116e-01
2.400000e+02 1.807999e-01
2.450000e+02 1.735250e-01
2.500000e+02 1.665589e-01
2.550000e+02 1.598763e-01
2.600000e+02 1.534547e-01
2.650000e+02 1.472739e-01
2.700000e+02 1.413161e-01
2.750000e+02 1.355658e-01
2.800000e+02 1.300094e-01
2.850000e+02 1.246353e-01
2.900000e+02 1.194334e-01
2.950000e+02 1.143952e-01
3.000000e+02 1.095135e-01
3.050000e+02 1.047823e-01
3.100000e+02 1.001963e-01
3.150000e+02 9.575147e-02
3.200000e+02 9.144408e-02
3.250000e+02 8.727115e-02
3.300000e+02 8.323012e-02
3.350000e+02 7.931875e-02
3.400000e+02 7.553510e-02
3.450000e+02 7.187739e-02
3.500000e+02 6.834399e-02
3.550000e+02 6.493330e-02
3.600000e+02 6.164377e-02
3.650000e+02 5.847384e-02
3.700000e+02 5.542187e-02
3.750000e+02 5.248620e-02
3.800000e+02 4.966505e-02
3.850000e+02 4.695658e-02
3.900000e+02 4.435881e-02
3.950000e+02 4.186970e-02
4.000000e+02 3.948708e-02
4.050000e+02 3.720868e-02
4.100000e+02 3.503215e-02
4.150000e+02 3.295504e-02
4.200000e+02 3.097483e-02
4.250000e+02 2.908890e-02
4.300000e+02 2.729459e-02
4.350000e+02 2.558919e-02
4.400000e+02 2.396994e-02
4.450000e+02 2.243404e-02
4.500000e+02 2.097867e-02
4.550000e+02 1.960100e-02
4.600000e+02 1.829819e-02
4.650000e+02 1.706741e-02
4.700000e+02 1.590584e-02
4.750000e+02 1.481068e-02
4.800000e+02 1.377917e-02
4.850000e+02 1.280856e-02
4.900000e+02 1.189616e-02
4.950000e+02 1.103932e-02
5.000000e+02 1.023546e-02
5.050000e+02 9.482042e-03
5.100000e+02 8.776582e-03
5.150000e+02 8.116676e-03
5.200000e+02 7.499982e-03
5.250000e+02 6.924230e-03
5.300000e+02 6.387221e-03
5.350000e+02 5.886831e-03
5.400000e+02 5.421013e-03
5.450000e+02 4.987794e-03
5.500000e+02 4.585279e-03
5.550000e+02 4.211650e-03
5.600000e+02 3.865164e-03
5.650000e+02 3.544156e-03
5.700000e+02 3.247035e-03
5.750000e+02 2.972283e-03
5.800000e+02 2.718458e-03
5.850000e+02 2.484188e-03
5.900000e+02 2.268168e-03
5.950000e+02 2.069166e-03
6.000000e+02 1.886013e-03
6.050000e+02 1.717604e-03
6.100000e+02 1.562899e-03
6.150000e+02 1.420914e-03
6.200000e+02 1.290725e-03
6.250000e+02 1.171464e-03
6.300000e+02 1.062315e-03
6.350000e+02 9.625142e-04
6.400000e+02 8.713448e-04
6.450000e+02 7.881377e-04
6.500000e+02 7.122679e-04
6.550000e+02 6.431523e-04
6.600000e+02 5.802478e-04
6.650000e+02 5.230490e-04
6.700000e+02 4.710863e-04
6.750000e+02 4.239237e-04
6.800000e+02 3.811573e-04
6.850000e+02 3.424127e-04
6.900000e+02 3.073440e-04
6.950000e+02 2.756315e-04
7.000000e+02 2.469801e-04
7.050000e+02 2.211182e-04
7.100000e+02 1.977954e-04
7.150000e+02 1.767816e-04
7.200000e+02 1.578654e-04
7.250000e+02 1.408531e-04
7.300000e+02 1.255668e-04
7.350000e+02 1.118439e-04
7.400000e+02 9.953579e-05
7.450000e+02 8.850654e-05
7.500000e+02 7.863223e-05
7.550000e+02 6.979994e-05
7.600000e+02 6.190685e-05
7.650000e+02 5.485946e-05
7.700000e+02 4.857285e-05
7.750000e+02 4.296995e-05
7.800000e+02 3.798090e-05
7.850000e+02 3.354246e-05
7.900000e+02 2.959741e-05
7.950000e+02 2.609407e-05
8.000000e+02 2.298577e-05
8.050000e+02 2.023045e-05
8.100000e+02 1.779021e-05
8.150000e+02 1.563097e-05
8.200000e+02 1.372208e-05
8.250000e+02 1.203603e-05
8.300000e+02 1.054813e-05
8.350000e+02 9.236284e-06
8.400000e+02 8.080684e-06
8.450000e+02 7.063633e-06
8.500000e+02 6.169321e-06
8.550000e+02 5.383638e-06
8.600000e+02 4.694004e-06
8.650000e+02 4.089218e-06
8.700000e+02 3.559314e-06
8.750000e+02 3.095434e-06
8.800000e+02 2.689713e-06
8.850000e+02 2.335176e-06
8.900000e+02 2.025641e-06
8.950000e+02 1.755636e-06
9.000000e+02 1.520322e-06
9.050000e+02 1.315425e-06
9.100000e+02 1.137171e-06
9.150000e+02 9.822329e-07
9.200000e+02 8.476811e-07
9.250000e+02 7.309366e-07
9.300000e+02 6.297325e-07
9.350000e+02 5.420779e-07
9.400000e+02 4.662261e-07
9.450000e+02 4.006458e-07
9.500000e+02 3.439963e-07
9.550000e+02 2.951047e-07
9.600000e+02 2.529460e-07
9.650000e+02 2.166250e-07
9.700000e+02 1.853611e-07
9.750000e+02 1.584739e-07
9.800000e+02 1.353712e-07
9.850000e+02 1.155377e-07
9.900000e+02 9.852594e-08
9.950000e+02 8.394727e-08
1.000000e+03 7.146474e-08
1.005000e+03 6.078637e-08
1.010000e+03 5.165945e-08
1.015000e+03 4.386545e-08
1.020000e+03 3.721556e-08
1.025000e+03 3.154683e-08
1.030000e+03 2.671875e-08
1.035000e+03 2.261027e-08
1.040000e+03 1.911721e-08
1.045000e+03 1.615000e-08
1.050000e+03 1.363169e-08
1.055000e+03 1.149625e-08
1.060000e+03 9.687053e-09
1.065000e+03 8.155611e-09
1.070000e+03 6.860416e-09
1.075000e+03 5.765987e-09
1.080000e+03 4.842014e-09
1.085000e+03 4.062633e-09
1.090000e+03 3.405794e-09
1.095000e+03 2.852715e-09
1.100000e+03 2.387413e-09
1.105000e+03 1.996301e-09
1.110000e+03 1.667837e-09
1.115000e+03 1.392228e-09
1.120000e+03 1.161171e-09
1.125000e+03 9.676347e-10
1.130000e+03 8.056674e-10
1.135000e+03 6.702385e-10
1.140000e+03 5.570987e-10
1.145000e+03 4.626623e-10
1.150000e+03 3.839063e-10
1.155000e+03 3.182846e-10
1.160000e+03 2.636545e-10
1.165000e+03 2.182147e-10
1.170000e+03 1.804521e-10
1.175000e+03 1.490971e-10
1.180000e+03 1.230851e-10
1.185000e+03 1.015245e-10
1.190000e+03 8.366923e-11
1.195000e+03 6.889532e-11
1.200000e+03 5.668170e-11
1.205000e+03 4.659349e-11
1.210000e+03 3.826809e-11
1.215000e+03 3.140346e-11
1.220000e+03 2.574824e-11
1.225000e+03 2.109340e-11
1.230000e+03 1.726533e-11
1.235000e+03 1.411993e-11
1.240000e+03 1.153770e-11
1.245000e+03 9.419661e-12
1.250000e+03 7.683877e-12
1.255000e+03 6.262601e-12
1.260000e+03 5.099860e-12
1.265000e+03 4.149455e-12
1.270000e+03 3.373285e-12
1.275000e+03 2.739959e-12
1.280000e+03 2.223640e-12
1.285000e+03 1.803076e-12
1.290000e+03 1.460807e-12
1.295000e+03 1.182499e-12
1.300000e+03 9.563961e-13
1.305000e+03 7.728659e-13
1.310000e+03 6.240217e-13
1.315000e+03 5.034130e-13
1.320000e+03 4.057685e-13
1.325000e+03 3.267845e-13
1.330000e+03 2.629504e-13
1.335000e+03 2.114050e-13
1.340000e+03 1.698189e-13
1.345000e+03 1.362969e-13
1.350000e+03 1.092987e-13
1.355000e+03 8.757365e-14
1.360000e+03 7.010693e-14
1.365000e+03 5.607608e-14
1.370000e+03 4.481502e-14
1.375000e+03 3.578481e-14
1.380000e+03 2.854980e-14
1.385000e+03 2.275813e-14
1.390000e+03 1.812589e-14
1.395000e+03 1.442418e-14
1.400000e+03 1.146865e-14
1.405000e+03 9.110928e-15
1.410000e+03 7.231729e-15
1.415000e+03 5.735230e-15
1.420000e+03 4.544528e-15
1.425000e+03 3.597956e-15
1.430000e+03 2.846113e-15
1.435000e+03 2.249457e-15
1.440000e+03 1.776366e-15
1.445000e+03 1.401575e-15
1.450000e+03 1.104916e-15
1.455000e+03 8.703055e-16
1.460000e+03 6.849253e-16
1.465000e+03 5.385722e-16
1.470000e+03 4.231300e-16
1.475000e+03 3.321490e-16
1.480000e+03 2.605081e-16
1.485000e+03 2.041450e-16
1.490000e+03 1.598400e-16
1.495000e+03 1.250436e-16
1.500000e+03 9.773866e-17
1.505000e+03 7.633095e-17
1.510000e+03 5.956130e-17
1.515000e+03 4.643622e-17
1.520000e+03 3.617252e-17
1.525000e+03 2.815334e-17
1.530000e+03 2.189325e-17
1.535000e+03 1.701060e-17
1.540000e+03 1.320561e-17
1.545000e+03 1.024298e-17
1.550000e+03 7.938223e-18
1.555000e+03 6.146807e-18
1.560000e+03 4.755597e-18
1.565000e+03 3.676120e-18
1.570000e+03 2.839250e-18
1.575000e+03 2.191022e-18
1.580000e+03 1.689347e-18
1.585000e+03 1.301429e-18
1.590000e+03 1.001731e-18
1.595000e+03 7.703906e-19
1.600000e+03 5.919705e-19
1.605000e+03 4.544837e-19
1.610000e+03 3.486309e-19
1.615000e+03 2.672037e-19
1.620000e+03 2.046201e-19
1.625000e+03 1.565609e-19
1.630000e+03 1.196872e-19
1.635000e+03 9.141999e-20
1.640000e+03 6.976921e-20
1.645000e+03 5.320050e-20
1.650000e+03 4.053188e-20
1.655000e+03 3.085368e-20
1.660000e+03 2.346640e-20
1.665000e+03 1.783262e-20
1.670000e+03 1.353982e-20
1.675000e+03 1.027165e-20
1.680000e+03 7.785676e-21
1.685000e+03 5.896330e-21
1.690000e+03 4.461659e-21
1.695000e+03 3.373186e-21
1.700000e+03 2.548082e-21
1.705000e+03 1.923161e-21
1.710000e+03 1.450264e-21
1.715000e+03 1.092717e-21
1.720000e+03 8.226167e-22
1.725000e+03 6.187519e-22
1.730000e+03 4.650127e-22
1.735000e+03 3.491743e-22
1.740000e+03 2.619684e-22
1.745000e+03 1.963743e-22
1.750000e+03 1.470787e-22
1.755000e+03 1.100637e-22
1.760000e+03 8.229387e-23
1.765000e+03 6.147806e-23
1.770000e+03 4.588830e-23
1.775000e+03 3.422260e-23
1.780000e+03 2.550077e-23
1.785000e+03 1.898553e-23
1.790000e+03 1.412282e-23
1.795000e+03 1.049661e-23
1.800000e+03 7.794821e-24
1.805000e+03 5.783522e-24
1.810000e+03 4.287536e-24
1.815000e+03 3.175795e-24
1.820000e+03 2.350316e-24
1.825000e+03 1.737918e-24
1.830000e+03 1.283990e-24
1.835000e+03 9.478137e-25
1.840000e+03 6.990586e-25
1.845000e+03 5.151496e-25
1.850000e+03 3.792996e-25
1.855000e+03 2.790363e-25
1.860000e+03 2.051011e-25
1.865000e+03 1.506276e-25
1.870000e+03 1.105275e-25
1.875000e+03 8.103367e-26
1.880000e+03 5.935943e-26
1.885000e+03 4.344534e-26
1.890000e+03 3.177063e-26
1.895000e+03 2.321334e-26
1.900000e+03 1.694644e-26
1.905000e+03 1.236086e-26
1.910000e+03 9.008411e-27
1.915000e+03 6.559592e-27
1.920000e+03 4.772376e-27
1.925000e+03 3.469138e-27
1.930000e+03 2.519636e-27
1.935000e+03 1.828451e-27
1.940000e+03 1.325738e-27
1.945000e+03 9.604210e-28
1.950000e+03 6.951758e-28
1.955000e+03 5.027555e-28
1.960000e+03 3.632857e-28
1.965000e+03 2.622822e-28
1.970000e+03 1.891989e-28
1.975000e+03 1.363633e-28
1.980000e+03 9.819872e-29
1.985000e+03 7.065505e-29
1.990000e+03 5.079370e-29
1.995000e+03 3.648427e-29
2.000000e+03 2.618367e-29
2.005000e+03 1.877521e-29
2.010000e+03 1.345142e-29
2.015000e+03 9.628991e-30
2.020000e+03 6.886881e-30
2.025000e+03 4.921455e-30
2.030000e+03 3.513935e-30
2.035000e+03 2.506820e-30
2.040000e+03 1.786824e-30
2.045000e+03 1.272534e-30
2.050000e+03 9.054958e-31
2.055000e+03 6.437728e-31
2.060000e+03 4.573072e-31
2.065000e+03 3.245731e-31
2.070000e+03 2.301687e-31
2.075000e+03 1.630832e-31
2.080000e+03 1.154520e-31
2.085000e+03 8.166254e-32
2.090000e+03 5.771297e-32
2.095000e+03 4.075240e-32
2.100000e+03 2.875161e-32
2.105000e+03 2.026751e-32
2.110000e+03 1.427472e-32
2.115000e+03 1.004533e-32
2.120000e+03 7.063014e-33
2.125000e+03 4.961866e-33
2.130000e+03 3.482805e-33
2.135000e+03 2.442545e-33
2.140000e+03 1.711532e-33
2.145000e+03 1.198276e-33
2.150000e+03 8.382196e-34
2.155000e+03 5.858521e-34
2.160000e+03 4.091168e-34
2.165000e+03 2.854538e-34
2.170000e+03 1.990003e-34
2.175000e+03 1.386119e-34
2.180000e+03 9.646655e-35
2.185000e+03 6.707831e-35
2.190000e+03 4.660330e-35
2.195000e+03 3.235046e-35
2.200000e+03 2.243744e-35
2.205000e+03 1.554875e-35
2.210000e+03 1.076581e-35
2.215000e+03 7.447790e-36
2.220000e+03 5.147984e-36
2.225000e+03 3.555299e-36
2.230000e+03 2.453264e-36
2.235000e+03 1.691381e-36
2.240000e+03 1.165113e-36
2.245000e+03 8.019067e-37
2.250000e+03 5.514534e-37
2.255000e+03 3.788985e-37
2.260000e+03 2.601155e-37
2.265000e+03 1.784181e-37
2.270000e+03 1.222758e-37
2.275000e+03 8.372815e-38
2.280000e+03 5.728377e-38
2.285000e+03 3.915804e-38
2.290000e+03 2.674481e-38
2.295000e+03 1.825102e-38
2.300000e+03 1.244412e-38
2.305000e+03 8.477548e-39
2.310000e+03 5.770395e-39
2.315000e+03 3.924371e-39
2.320000e+03 2.666637e-39
2.325000e+03 1.810451e-39
2.330000e+03 1.228115e-39
2.335000e+03 8.323772e-40
2.340000e+03 5.636775e-40
2.345000e+03 3.813910e-40
2.350000e+03 2.578335e-40
2.355000e+03 1.741556e-40
2.360000e+03 1.175343e-40
2.365000e+03 7.925402e-41
2.370000e+03 5.339579e-41
2.375000e+03 3.594363e-41
2.380000e+03 2.417497e-41
2.385000e+03 1.624573e-41
2.390000e+03 1.090792e-41
2.395000e+03 7.317682e-42
2.400000e+03 4.904949e-42
2.405000e+03 3.284918e-42
2.410000e+03 2.198082e-42
2.415000e+03 1.469577e-42
2.420000e+03 9.816803e-43
2.425000e+03 6.552047e-43
2.430000e+03 4.369312e-43
2.435000e+03 2.911243e-43
2.440000e+03 1.938085e-43
2.445000e+03 1.289130e-43
2.450000e+03 8.567409e-44
2.455000e+03 5.688943e-44
2.460000e+03 3.774356e-44
2.465000e+03 2.501977e-44
2.470000e+03 1.657117e-44
2.475000e+03 1.096609e-44
2.480000e+03 7.250702e-45
2.485000e+03 4.790020e-45
2.490000e+03 3.161723e-45
2.495000e+03 2.085161e-45
2.500000e+03 1.373993e-45
2.505000e+03 9.046039e-46
2.510000e+03 5.950614e-46
2.515000e+03 3.911058e-46
2.520000e+03 2.568360e-46
2.525000e+03 1.685182e-46
2.530000e+03 1.104757e-46
2.535000e+03 7.236293e-47
2.540000e+03 4.735814e-47
2.545000e+03 3.096723e-47
2.550000e+03 2.023202e-47
2.555000e+03 1.320703e-47
2.560000e+03 8.613914e-48
2.565000e+03 5.613387e-48
2.570000e+03 3.654927e-48
2.575000e+03 2.377725e-48
2.580000e+03 1.545516e-48
2.585000e+03 1.003725e-48
2.590000e+03 6.513064e-49
2.595000e+03 4.222649e-49
2.600000e+03 2.735356e-49
2.605000e+03 1.770402e-49
2.610000e+03 1.144878e-49
2.615000e+03 7.397342e-50
2.620000e+03 4.775527e-50
2.625000e+03 3.080323e-50
2.630000e+03 1.985182e-50
2.635000e+03 1.278302e-50
2.640000e+03 8.224244e-51
2.645000e+03 5.286736e-51
2.650000e+03 3.395537e-51
2.655000e+03 2.179007e-51
2.660000e+03 1.397133e-51
2.665000e+03 8.950479e-52
2.670000e+03 5.729067e-52
2.675000e+03 3.663960e-52
2.680000e+03 2.341245e-52
2.685000e+03 1.494762e-52
2.690000e+03 9.535127e-53
2.695000e+03 6.077293e-53
2.700000e+03 3.870107e-53
2.705000e+03 2.462436e-53
2.710000e+03 1.565439e-53
2.715000e+03 9.943441e-54
2.720000e+03 6.310538e-54
2.725000e+03 4.001522e-54
2.730000e+03 2.535206e-54
2.735000e+03 1.604835e-54
2.740000e+03 1.015025e-54
2.745000e+03 6.414348e-55
2.750000e+03 4.050022e-55
2.755000e+03 2.555003e-55
2.760000e+03 1.610477e-55
2.765000e+03 1.014255e-55
2.770000e+03 6.382175e-56
2.775000e+03 4.012542e-56
2.780000e+03 2.520575e-56
2.785000e+03 1.582008e-56
2.790000e+03 9.920812e-57
2.795000e+03 6.216055e-57
2.800000e+03 3.891452e-57
2.805000e+03 2.434096e-57
2.810000e+03 1.521223e-57
2.815000e+03 9.498988e-58
2.820000e+03 5.926400e-58
2.825000e+03 3.694314e-58
2.830000e+03 2.300943e-58
2.835000e+03 1.431881e-58
2.840000e+03 8.903021e-59
2.845000e+03 5.530916e-59
2.850000e+03 3.433095e-59
2.855000e+03 2.129138e-59
2.860000e+03 1.319323e-59
2.865000e+03 8.168221e-60
2.870000e+03 5.052811e-60
2.875000e+03 3.122971e-60
2.880000e+03 1.928554e-60
2.885000e+03 1.189940e-60
2.890000e+03 7.335801e-61
2.895000e+03 4.518550e-61
2.900000e+03 2.780865e-61
2.905000e+03 1.709976e-61
2.910000e+03 1.050580e-61
2.915000e+03 6.449077e-62
2.920000e+03 3.955443e-62
2.925000e+03 2.423940e-62
2.930000e+03 1.484150e-62
2.935000e+03 9.079525e-63
2.940000e+03 5.549802e-63
2.945000e+03 3.389387e-63
2.950000e+03 2.068207e-63
2.955000e+03 1.260944e-63
2.960000e+03 7.681165e-64
2.965000e+03 4.675063e-64
2.970000e+03 2.843001e-64
2.975000e+03 1.727412e-64
2.980000e+03 1.048682e-64
2.985000e+03 6.360936e-65
2.990000e+03 3.855027e-65
2.995000e+03 2.334334e-65
